[gd_scene load_steps=37 format=3 uid="uid://sbqnoubna1qg"]

[ext_resource type="Script" path="res://apps/reference_sdf_approximation/SdfFollowerCameraRig.cs" id="1_m5cjo"]
[ext_resource type="Script" path="res://apps/reference_sdf_approximation/SdfApproximateFollower.cs" id="2_u4f7l"]
[ext_resource type="Script" path="res://apps/reference_sdf_approximation/PidRigidBody3D.cs" id="3_uqf7n"]
[ext_resource type="Script" path="res://apps/reference_sdf_approximation/SdfFollowerSettings.cs" id="4_g7eju"]
[ext_resource type="Script" path="res://apps/reference_sdf_approximation/PidBodySettings.cs" id="5_ow750"]
[ext_resource type="Theme" uid="uid://dym726xcyrrko" path="res://content/user_interface/themes/default_ui_theme.tres" id="5_yhetk"]
[ext_resource type="Script" path="res://content/user_interface/validation/NumeralHSlider.cs" id="6_ufq5o"]
[ext_resource type="Script" path="res://addons/solace_core_plugin/user_interface/application/QuitButton.cs" id="7_f1m6p"]

[sub_resource type="ProceduralSkyMaterial" id="ProceduralSkyMaterial_80twd"]

[sub_resource type="Sky" id="Sky_4r2jq"]
sky_material = SubResource("ProceduralSkyMaterial_80twd")

[sub_resource type="Environment" id="Environment_3xc5h"]
background_mode = 2
sky = SubResource("Sky_4r2jq")
ambient_light_source = 3
reflected_light_source = 2

[sub_resource type="BoxShape3D" id="BoxShape3D_ruwq0"]
size = Vector3(100, 1, 100)

[sub_resource type="BoxMesh" id="BoxMesh_cqvgi"]
size = Vector3(100, 1, 100)

[sub_resource type="BoxShape3D" id="BoxShape3D_4u36u"]
size = Vector3(10, 10, 10)

[sub_resource type="BoxMesh" id="BoxMesh_07h14"]
size = Vector3(10, 10, 10)

[sub_resource type="SphereShape3D" id="SphereShape3D_mw2cy"]
radius = 5.0

[sub_resource type="SphereMesh" id="SphereMesh_6r8f8"]
radius = 5.0
height = 10.0

[sub_resource type="SphereShape3D" id="SphereShape3D_1bfm8"]

[sub_resource type="SphereMesh" id="SphereMesh_a85jc"]

[sub_resource type="SphereShape3D" id="SphereShape3D_tw25l"]
radius = 2.0

[sub_resource type="SphereMesh" id="SphereMesh_buhyb"]
radius = 2.0
height = 4.0

[sub_resource type="SphereShape3D" id="SphereShape3D_a7akq"]
radius = 4.0

[sub_resource type="SphereMesh" id="SphereMesh_82vfv"]
radius = 4.0
height = 8.0

[sub_resource type="BoxShape3D" id="BoxShape3D_o2ro4"]
size = Vector3(1, 10, 10)

[sub_resource type="BoxMesh" id="BoxMesh_igeda"]
size = Vector3(1, 10, 10)

[sub_resource type="BoxShape3D" id="BoxShape3D_u43yo"]
size = Vector3(1, 10, 1)

[sub_resource type="BoxMesh" id="BoxMesh_4f851"]
size = Vector3(1, 10, 1)

[sub_resource type="BoxShape3D" id="BoxShape3D_boav0"]
size = Vector3(0.5, 0.5, 0.5)

[sub_resource type="BoxMesh" id="BoxMesh_ur11r"]
size = Vector3(0.5, 0.5, 0.5)

[sub_resource type="StandardMaterial3D" id="StandardMaterial3D_fwtwk"]
albedo_color = Color(0.180392, 1, 1, 1)

[sub_resource type="BoxMesh" id="BoxMesh_p6fgj"]
material = SubResource("StandardMaterial3D_fwtwk")
size = Vector3(0.5, 0.5, 0.5)

[sub_resource type="BoxShape3D" id="BoxShape3D_0o1x7"]
size = Vector3(4, 4, 4)

[sub_resource type="BoxMesh" id="BoxMesh_5tj4q"]
size = Vector3(4, 4, 4)

[sub_resource type="Animation" id="Animation_xc4au"]
resource_name = "moving_scene"
length = 4.0
loop_mode = 1
tracks/0/type = "bezier"
tracks/0/imported = false
tracks/0/enabled = true
tracks/0/path = NodePath("AnimatedCubeBody:position:x")
tracks/0/interp = 1
tracks/0/loop_wrap = true
tracks/0/keys = {
"handle_modes": PackedInt32Array(0, 0, 0),
"points": PackedFloat32Array(0, -0.25, 0, 0.25, 0, 0, -0.25, 0, 0.25, 0, 0, -0.25, 0, 0.25, 0),
"times": PackedFloat32Array(0, 2, 4)
}
tracks/1/type = "bezier"
tracks/1/imported = false
tracks/1/enabled = true
tracks/1/path = NodePath("AnimatedCubeBody:position:y")
tracks/1/interp = 1
tracks/1/loop_wrap = true
tracks/1/keys = {
"handle_modes": PackedInt32Array(0, 0, 0),
"points": PackedFloat32Array(0, -0.25, 0, 0.25, 0, 5, -0.25, 0, 0.25, 0, 0, -0.25, 0, 0.25, 0),
"times": PackedFloat32Array(0, 2, 4)
}
tracks/2/type = "bezier"
tracks/2/imported = false
tracks/2/enabled = true
tracks/2/path = NodePath("AnimatedCubeBody:position:z")
tracks/2/interp = 1
tracks/2/loop_wrap = true
tracks/2/keys = {
"handle_modes": PackedInt32Array(0, 0, 0),
"points": PackedFloat32Array(0, -0.25, 0, 0.25, 0, 0, -0.25, 0, 0.25, 0, 0, -0.25, 0, 0.25, 0),
"times": PackedFloat32Array(0, 2, 4)
}
tracks/3/type = "bezier"
tracks/3/imported = false
tracks/3/enabled = true
tracks/3/path = NodePath("AnimatedCubeBody2:position:x")
tracks/3/interp = 1
tracks/3/loop_wrap = true
tracks/3/keys = {
"handle_modes": PackedInt32Array(0, 0, 0),
"points": PackedFloat32Array(-6.07752, -0.25, 0, 0.25, 0, -6.07752, -0.25, 0, 0.25, 0, -6.078, -0.25, 0, 0.25, 0),
"times": PackedFloat32Array(0, 2, 4)
}
tracks/4/type = "bezier"
tracks/4/imported = false
tracks/4/enabled = true
tracks/4/path = NodePath("AnimatedCubeBody2:position:y")
tracks/4/interp = 1
tracks/4/loop_wrap = true
tracks/4/keys = {
"handle_modes": PackedInt32Array(0, 0, 0),
"points": PackedFloat32Array(1.7213, -0.25, 0, 0.25, 0, 1.7213, -0.25, 0, 0.25, 0, 1.721, -0.25, 0, 0.25, 0),
"times": PackedFloat32Array(0, 2, 4)
}
tracks/5/type = "bezier"
tracks/5/imported = false
tracks/5/enabled = true
tracks/5/path = NodePath("AnimatedCubeBody2:position:z")
tracks/5/interp = 1
tracks/5/loop_wrap = true
tracks/5/keys = {
"handle_modes": PackedInt32Array(0, 0, 0),
"points": PackedFloat32Array(0, -0.25, 0, 0.25, 0, -10.3204, -0.25, 0, 0.25, 0, 0, -0.25, 0, 0.25, 0),
"times": PackedFloat32Array(0, 2, 4)
}
tracks/6/type = "bezier"
tracks/6/imported = false
tracks/6/enabled = true
tracks/6/path = NodePath("AnimatedCubeBody3:rotation:x")
tracks/6/interp = 1
tracks/6/loop_wrap = true
tracks/6/keys = {
"handle_modes": PackedInt32Array(0, 0, 0),
"points": PackedFloat32Array(0, -0.25, 0, 0.25, 0, 3.14159, -0.25, 0, 0.25, 0, 0, -0.25, 0, 0.25, 0),
"times": PackedFloat32Array(0, 2, 4)
}
tracks/7/type = "bezier"
tracks/7/imported = false
tracks/7/enabled = true
tracks/7/path = NodePath("AnimatedCubeBody3:rotation:y")
tracks/7/interp = 1
tracks/7/loop_wrap = true
tracks/7/keys = {
"handle_modes": PackedInt32Array(0, 0, 0),
"points": PackedFloat32Array(0, -0.25, 0, 0.25, 0, 3.14159, -0.25, 0, 0.25, 0, 0, -0.25, 0, 0.25, 0),
"times": PackedFloat32Array(0, 2, 4)
}
tracks/8/type = "bezier"
tracks/8/imported = false
tracks/8/enabled = true
tracks/8/path = NodePath("AnimatedCubeBody3:rotation:z")
tracks/8/interp = 1
tracks/8/loop_wrap = true
tracks/8/keys = {
"handle_modes": PackedInt32Array(0, 0, 0),
"points": PackedFloat32Array(0, -0.25, 0, 0.25, 0, 3.14159, -0.25, 0, 0.25, 0, 1.5708, -0.25, 0, 0.25, 0),
"times": PackedFloat32Array(0, 2, 4)
}

[sub_resource type="Animation" id="Animation_iiav1"]
length = 0.001
tracks/0/type = "bezier"
tracks/0/imported = false
tracks/0/enabled = true
tracks/0/path = NodePath("AnimatedCubeBody:position:x")
tracks/0/interp = 1
tracks/0/loop_wrap = true
tracks/0/keys = {
"handle_modes": PackedInt32Array(0),
"points": PackedFloat32Array(0, -0.25, 0, 0.25, 0),
"times": PackedFloat32Array(0)
}
tracks/1/type = "bezier"
tracks/1/imported = false
tracks/1/enabled = true
tracks/1/path = NodePath("AnimatedCubeBody:position:y")
tracks/1/interp = 1
tracks/1/loop_wrap = true
tracks/1/keys = {
"handle_modes": PackedInt32Array(0),
"points": PackedFloat32Array(0, -0.25, 0, 0.25, 0),
"times": PackedFloat32Array(0)
}
tracks/2/type = "bezier"
tracks/2/imported = false
tracks/2/enabled = true
tracks/2/path = NodePath("AnimatedCubeBody:position:z")
tracks/2/interp = 1
tracks/2/loop_wrap = true
tracks/2/keys = {
"handle_modes": PackedInt32Array(0),
"points": PackedFloat32Array(0, -0.25, 0, 0.25, 0),
"times": PackedFloat32Array(0)
}
tracks/3/type = "bezier"
tracks/3/imported = false
tracks/3/enabled = true
tracks/3/path = NodePath("AnimatedCubeBody2:position:x")
tracks/3/interp = 1
tracks/3/loop_wrap = true
tracks/3/keys = {
"handle_modes": PackedInt32Array(0),
"points": PackedFloat32Array(-6.07752, -0.25, 0, 0.25, 0),
"times": PackedFloat32Array(0)
}
tracks/4/type = "bezier"
tracks/4/imported = false
tracks/4/enabled = true
tracks/4/path = NodePath("AnimatedCubeBody2:position:y")
tracks/4/interp = 1
tracks/4/loop_wrap = true
tracks/4/keys = {
"handle_modes": PackedInt32Array(0),
"points": PackedFloat32Array(1.7213, -0.25, 0, 0.25, 0),
"times": PackedFloat32Array(0)
}
tracks/5/type = "bezier"
tracks/5/imported = false
tracks/5/enabled = true
tracks/5/path = NodePath("AnimatedCubeBody2:position:z")
tracks/5/interp = 1
tracks/5/loop_wrap = true
tracks/5/keys = {
"handle_modes": PackedInt32Array(0),
"points": PackedFloat32Array(0, -0.25, 0, 0.25, 0),
"times": PackedFloat32Array(0)
}
tracks/6/type = "bezier"
tracks/6/imported = false
tracks/6/enabled = true
tracks/6/path = NodePath("AnimatedCubeBody3:rotation:x")
tracks/6/interp = 1
tracks/6/loop_wrap = true
tracks/6/keys = {
"handle_modes": PackedInt32Array(0),
"points": PackedFloat32Array(0, -0.25, 0, 0.25, 0),
"times": PackedFloat32Array(0)
}
tracks/7/type = "bezier"
tracks/7/imported = false
tracks/7/enabled = true
tracks/7/path = NodePath("AnimatedCubeBody3:rotation:y")
tracks/7/interp = 1
tracks/7/loop_wrap = true
tracks/7/keys = {
"handle_modes": PackedInt32Array(0),
"points": PackedFloat32Array(0, -0.25, 0, 0.25, 0),
"times": PackedFloat32Array(0)
}
tracks/8/type = "bezier"
tracks/8/imported = false
tracks/8/enabled = true
tracks/8/path = NodePath("AnimatedCubeBody3:rotation:z")
tracks/8/interp = 1
tracks/8/loop_wrap = true
tracks/8/keys = {
"handle_modes": PackedInt32Array(0),
"points": PackedFloat32Array(0, -0.25, 0, 0.25, 0),
"times": PackedFloat32Array(0)
}

[sub_resource type="AnimationLibrary" id="AnimationLibrary_fv8gq"]
_data = {
"RESET": SubResource("Animation_iiav1"),
"moving_scene": SubResource("Animation_xc4au")
}

[node name="ReferenceSdfApproximationAppMain" type="Node"]

[node name="WorldEnvironment" type="WorldEnvironment" parent="."]
environment = SubResource("Environment_3xc5h")

[node name="Level" type="Node3D" parent="."]
transform = Transform3D(1, 0, 0, 0, 1, 0, 0, 0, 1, 0, -0.628836, 0)

[node name="Platform" type="StaticBody3D" parent="Level"]

[node name="CollisionShape3D" type="CollisionShape3D" parent="Level/Platform"]
shape = SubResource("BoxShape3D_ruwq0")

[node name="MeshInstance3D" type="MeshInstance3D" parent="Level/Platform"]
mesh = SubResource("BoxMesh_cqvgi")

[node name="StaticBox" type="StaticBody3D" parent="Level"]
transform = Transform3D(1, 0, 0, 0, 1, 0, 0, 0, 1, 0, 5.5, 35.5893)

[node name="CollisionShape3D" type="CollisionShape3D" parent="Level/StaticBox"]
shape = SubResource("BoxShape3D_4u36u")

[node name="MeshInstance3D" type="MeshInstance3D" parent="Level/StaticBox"]
mesh = SubResource("BoxMesh_07h14")

[node name="StaticBox5" type="StaticBody3D" parent="Level"]
transform = Transform3D(1, 0, 0, 0, 1, 0, 0, 0, 1, 24.1145, 5.5, -27.4426)

[node name="CollisionShape3D" type="CollisionShape3D" parent="Level/StaticBox5"]
shape = SubResource("BoxShape3D_4u36u")

[node name="MeshInstance3D" type="MeshInstance3D" parent="Level/StaticBox5"]
mesh = SubResource("BoxMesh_07h14")

[node name="StaticBox6" type="StaticBody3D" parent="Level"]
transform = Transform3D(1, 0, 0, 0, 1, 0, 0, 0, 1, -10.6835, 5.5, -34.5945)

[node name="CollisionShape3D" type="CollisionShape3D" parent="Level/StaticBox6"]
shape = SubResource("BoxShape3D_4u36u")

[node name="MeshInstance3D" type="MeshInstance3D" parent="Level/StaticBox6"]
mesh = SubResource("BoxMesh_07h14")

[node name="StaticBox13" type="StaticBody3D" parent="Level"]
transform = Transform3D(1, 0, 0, 0, 1, 0, 0, 0, 1, 1.63616, 5.26743, -34.5945)

[node name="CollisionShape3D" type="CollisionShape3D" parent="Level/StaticBox13"]
shape = SubResource("BoxShape3D_4u36u")

[node name="MeshInstance3D" type="MeshInstance3D" parent="Level/StaticBox13"]
mesh = SubResource("BoxMesh_07h14")

[node name="StaticBox14" type="StaticBody3D" parent="Level"]
transform = Transform3D(1, 0, 0, 0, 1, 0, 0, 0, 1, -2.94546, 13.0685, -34.5945)

[node name="CollisionShape3D" type="CollisionShape3D" parent="Level/StaticBox14"]
shape = SubResource("BoxShape3D_4u36u")

[node name="MeshInstance3D" type="MeshInstance3D" parent="Level/StaticBox14"]
mesh = SubResource("BoxMesh_07h14")

[node name="StaticBox15" type="StaticBody3D" parent="Level"]
transform = Transform3D(1, 0, 0, 0, 1, 0, 0, 0, 1, 1.72472, 4.17212, -43.7754)

[node name="CollisionShape3D" type="CollisionShape3D" parent="Level/StaticBox15"]
shape = SubResource("BoxShape3D_4u36u")

[node name="MeshInstance3D" type="MeshInstance3D" parent="Level/StaticBox15"]
mesh = SubResource("BoxMesh_07h14")

[node name="StaticBox16" type="StaticBody3D" parent="Level"]
transform = Transform3D(1, 0, 0, 0, 1, 0, 0, 0, 1, -2.87548, 4.17212, -47.9511)

[node name="CollisionShape3D" type="CollisionShape3D" parent="Level/StaticBox16"]
shape = SubResource("BoxShape3D_4u36u")

[node name="MeshInstance3D" type="MeshInstance3D" parent="Level/StaticBox16"]
mesh = SubResource("BoxMesh_07h14")

[node name="StaticBox19" type="StaticBody3D" parent="Level"]
transform = Transform3D(1, 0, 0, 0, 1, 0, 0, 0, 1, -2.87548, 16.5714, -41.941)

[node name="CollisionShape3D" type="CollisionShape3D" parent="Level/StaticBox19"]
shape = SubResource("BoxShape3D_4u36u")

[node name="MeshInstance3D" type="MeshInstance3D" parent="Level/StaticBox19"]
mesh = SubResource("BoxMesh_07h14")

[node name="StaticBox17" type="StaticBody3D" parent="Level"]
transform = Transform3D(1, 0, 0, 0, 1, 0, 0, 0, 1, -11.3759, 8.00577, -43.5301)

[node name="CollisionShape3D" type="CollisionShape3D" parent="Level/StaticBox17"]
shape = SubResource("BoxShape3D_4u36u")

[node name="MeshInstance3D" type="MeshInstance3D" parent="Level/StaticBox17"]
mesh = SubResource("BoxMesh_07h14")

[node name="StaticBox18" type="StaticBody3D" parent="Level"]
transform = Transform3D(1, 0, 0, 0, 1, 0, 0, 0, 1, -11.3759, 4.93406, -51.1771)

[node name="CollisionShape3D" type="CollisionShape3D" parent="Level/StaticBox18"]
shape = SubResource("BoxShape3D_4u36u")

[node name="MeshInstance3D" type="MeshInstance3D" parent="Level/StaticBox18"]
mesh = SubResource("BoxMesh_07h14")

[node name="StaticSphere" type="StaticBody3D" parent="Level"]
transform = Transform3D(1, 0, 0, 0, 1, 0, 0, 0, 1, -0.595074, 0.638265, -13.8773)

[node name="CollisionShape3D" type="CollisionShape3D" parent="Level/StaticSphere"]
transform = Transform3D(1, 0, 0, 0, 1, 0, 0, 0, 1, 22.1822, 0, 0)
shape = SubResource("SphereShape3D_mw2cy")

[node name="MeshInstance3D" type="MeshInstance3D" parent="Level/StaticSphere"]
transform = Transform3D(1, 0, 0, 0, 1, 0, 0, 0, 1, 22.1822, 0, 0)
mesh = SubResource("SphereMesh_6r8f8")

[node name="CollisionShape3D2" type="CollisionShape3D" parent="Level/StaticSphere"]
transform = Transform3D(1, 0, 0, 0, 1, 0, 0, 0, 1, 22.1822, 0, 8.55489)
shape = SubResource("SphereShape3D_mw2cy")

[node name="MeshInstance3D2" type="MeshInstance3D" parent="Level/StaticSphere"]
transform = Transform3D(1, 0, 0, 0, 1, 0, 0, 0, 1, 22.1822, 0, 8.55489)
mesh = SubResource("SphereMesh_6r8f8")

[node name="CollisionShape3D3" type="CollisionShape3D" parent="Level/StaticSphere"]
transform = Transform3D(1, 0, 0, 0, 1, 0, 0, 0, 1, 22.1822, 0, 17.0779)
shape = SubResource("SphereShape3D_mw2cy")

[node name="MeshInstance3D3" type="MeshInstance3D" parent="Level/StaticSphere"]
transform = Transform3D(1, 0, 0, 0, 1, 0, 0, 0, 1, 22.1822, 0, 17.0779)
mesh = SubResource("SphereMesh_6r8f8")

[node name="CollisionShape3D4" type="CollisionShape3D" parent="Level/StaticSphere"]
transform = Transform3D(1, 0, 0, 0, 1, 0, 0, 0, 1, 22.1822, 0, 26.5955)
shape = SubResource("SphereShape3D_mw2cy")

[node name="MeshInstance3D4" type="MeshInstance3D" parent="Level/StaticSphere"]
transform = Transform3D(1, 0, 0, 0, 1, 0, 0, 0, 1, 22.1822, 0, 26.5955)
mesh = SubResource("SphereMesh_6r8f8")

[node name="CollisionShape3D5" type="CollisionShape3D" parent="Level/StaticSphere"]
transform = Transform3D(1, 0, 0, 0, 1, 0, 0, 0, 1, 28.7041, 0, -5.52423)
shape = SubResource("SphereShape3D_mw2cy")

[node name="MeshInstance3D5" type="MeshInstance3D" parent="Level/StaticSphere"]
transform = Transform3D(1, 0, 0, 0, 1, 0, 0, 0, 1, 28.7041, 0, -5.52423)
mesh = SubResource("SphereMesh_6r8f8")

[node name="CollisionShape3D6" type="CollisionShape3D" parent="Level/StaticSphere"]
transform = Transform3D(1, 0, 0, 0, 1, 0, 0, 0, 1, 28.7041, 0, 3.03067)
shape = SubResource("SphereShape3D_mw2cy")

[node name="MeshInstance3D6" type="MeshInstance3D" parent="Level/StaticSphere"]
transform = Transform3D(1, 0, 0, 0, 1, 0, 0, 0, 1, 28.7041, 0, 3.03067)
mesh = SubResource("SphereMesh_6r8f8")

[node name="CollisionShape3D7" type="CollisionShape3D" parent="Level/StaticSphere"]
transform = Transform3D(1, 0, 0, 0, 1, 0, 0, 0, 1, 28.7041, 0, 11.5537)
shape = SubResource("SphereShape3D_mw2cy")

[node name="MeshInstance3D7" type="MeshInstance3D" parent="Level/StaticSphere"]
transform = Transform3D(1, 0, 0, 0, 1, 0, 0, 0, 1, 28.7041, 0, 11.5537)
mesh = SubResource("SphereMesh_6r8f8")

[node name="CollisionShape3D8" type="CollisionShape3D" parent="Level/StaticSphere"]
transform = Transform3D(1, 0, 0, 0, 1, 0, 0, 0, 1, 28.7041, 0, 21.0713)
shape = SubResource("SphereShape3D_mw2cy")

[node name="MeshInstance3D8" type="MeshInstance3D" parent="Level/StaticSphere"]
transform = Transform3D(1, 0, 0, 0, 1, 0, 0, 0, 1, 28.7041, 0, 21.0713)
mesh = SubResource("SphereMesh_6r8f8")

[node name="StaticBox7" type="StaticBody3D" parent="Level"]
transform = Transform3D(1, 0, 0, 0, 1, 0, 0, 0, 1, -35.6861, 5.5, -24.5631)

[node name="CollisionShape3D" type="CollisionShape3D" parent="Level/StaticBox7"]
shape = SubResource("BoxShape3D_4u36u")

[node name="MeshInstance3D" type="MeshInstance3D" parent="Level/StaticBox7"]
mesh = SubResource("BoxMesh_07h14")

[node name="StaticBox8" type="StaticBody3D" parent="Level"]
transform = Transform3D(1, 0, 0, 0, 1, 0, 0, 0, 1, 41.8724, 5.5, -5.92556)

[node name="CollisionShape3D" type="CollisionShape3D" parent="Level/StaticBox8"]
shape = SubResource("BoxShape3D_4u36u")

[node name="MeshInstance3D" type="MeshInstance3D" parent="Level/StaticBox8"]
mesh = SubResource("BoxMesh_07h14")

[node name="StaticBox9" type="StaticBody3D" parent="Level"]
transform = Transform3D(1, 0, 0, 0, 1, 0, 0, 0, 1, -34.2121, 5.5, -6.62317)

[node name="CollisionShape3D" type="CollisionShape3D" parent="Level/StaticBox9"]
shape = SubResource("BoxShape3D_4u36u")

[node name="MeshInstance3D" type="MeshInstance3D" parent="Level/StaticBox9"]
mesh = SubResource("BoxMesh_07h14")

[node name="StaticBox10" type="StaticBody3D" parent="Level"]
transform = Transform3D(0.577269, 0.54578, -0.607359, -0.376001, 0.837928, 0.3956, 0.724833, 0, 0.688924, -45.6207, 6.52096, -11.4146)

[node name="CollisionShape3D" type="CollisionShape3D" parent="Level/StaticBox10"]
transform = Transform3D(1, 0, 2.98023e-08, 1.90015e-08, 1, -4.00681e-08, 2.98023e-08, 0, 1, 0, 0, 0)
shape = SubResource("BoxShape3D_4u36u")

[node name="MeshInstance3D" type="MeshInstance3D" parent="Level/StaticBox10"]
transform = Transform3D(1, 0, 2.98023e-08, 1.90015e-08, 1, -4.00681e-08, 2.98023e-08, 0, 1, 0, 0, 0)
mesh = SubResource("BoxMesh_07h14")

[node name="StaticBox11" type="StaticBody3D" parent="Level"]
transform = Transform3D(1, 0, 0, 0, 1, 0, 0, 0, 1, -35.2484, 14.3978, -15.1109)

[node name="CollisionShape3D" type="CollisionShape3D" parent="Level/StaticBox11"]
shape = SubResource("BoxShape3D_4u36u")

[node name="MeshInstance3D" type="MeshInstance3D" parent="Level/StaticBox11"]
mesh = SubResource("BoxMesh_07h14")

[node name="StaticBox2" type="StaticBody3D" parent="Level"]
transform = Transform3D(1, 0, 0, 0, 1, 0, 0, 0, 1, 22.861, 5.5, 35.5893)

[node name="CollisionShape3D" type="CollisionShape3D" parent="Level/StaticBox2"]
shape = SubResource("BoxShape3D_4u36u")

[node name="MeshInstance3D" type="MeshInstance3D" parent="Level/StaticBox2"]
mesh = SubResource("BoxMesh_07h14")

[node name="StaticBox3" type="StaticBody3D" parent="Level"]
transform = Transform3D(0.851278, 0, -0.524714, 0, 1, 0, 0.524714, 0, 0.851278, -30.4307, 5.5, 35.5893)

[node name="CollisionShape3D" type="CollisionShape3D" parent="Level/StaticBox3"]
shape = SubResource("BoxShape3D_4u36u")

[node name="MeshInstance3D" type="MeshInstance3D" parent="Level/StaticBox3"]
mesh = SubResource("BoxMesh_07h14")

[node name="StaticBox45" type="StaticBody3D" parent="Level"]
transform = Transform3D(0.81666, -0.282274, -0.503376, 0.164833, 0.949974, -0.265291, 0.553079, 0.133679, 0.822334, -51.6161, 3.00408, 17.9152)

[node name="CollisionShape3D" type="CollisionShape3D" parent="Level/StaticBox45"]
shape = SubResource("BoxShape3D_4u36u")

[node name="MeshInstance3D" type="MeshInstance3D" parent="Level/StaticBox45"]
mesh = SubResource("BoxMesh_07h14")

[node name="StaticBox55" type="StaticBody3D" parent="Level"]
transform = Transform3D(1, 0, 0, 0, 0.81531, -0.579025, 0, 0.579025, 0.815309, -65.9769, 3.00408, 15.3058)

[node name="CollisionShape3D" type="CollisionShape3D" parent="Level/StaticBox55"]
shape = SubResource("BoxShape3D_4u36u")

[node name="MeshInstance3D" type="MeshInstance3D" parent="Level/StaticBox55"]
mesh = SubResource("BoxMesh_07h14")

[node name="StaticBox56" type="StaticBody3D" parent="Level"]
transform = Transform3D(1, 0, 0, 0, 0.887027, -0.461717, 0, 0.461718, 0.887027, -75.4546, 3.47134, 15.3058)

[node name="CollisionShape3D" type="CollisionShape3D" parent="Level/StaticBox56"]
shape = SubResource("BoxShape3D_4u36u")

[node name="MeshInstance3D" type="MeshInstance3D" parent="Level/StaticBox56"]
mesh = SubResource("BoxMesh_07h14")

[node name="StaticBox57" type="StaticBody3D" parent="Level"]
transform = Transform3D(0.505747, -0.398315, -0.765221, 0.117915, 0.91062, -0.396066, 0.854585, 0.110079, 0.507511, -83.5107, 6.73821, 9.05343)

[node name="CollisionShape3D" type="CollisionShape3D" parent="Level/StaticBox57"]
shape = SubResource("BoxShape3D_4u36u")

[node name="MeshInstance3D" type="MeshInstance3D" parent="Level/StaticBox57"]
mesh = SubResource("BoxMesh_07h14")

[node name="StaticBox58" type="StaticBody3D" parent="Level"]
transform = Transform3D(0.505747, -0.398315, -0.765221, 0.117915, 0.91062, -0.396066, 0.854585, 0.110079, 0.507511, -83.5107, 6.73821, 17.1152)

[node name="CollisionShape3D" type="CollisionShape3D" parent="Level/StaticBox58"]
shape = SubResource("BoxShape3D_4u36u")

[node name="MeshInstance3D" type="MeshInstance3D" parent="Level/StaticBox58"]
mesh = SubResource("BoxMesh_07h14")

[node name="StaticBox59" type="StaticBody3D" parent="Level"]
transform = Transform3D(0.505747, -0.398315, -0.765221, 0.117915, 0.91062, -0.396066, 0.854585, 0.110079, 0.507511, -83.5107, 6.73821, 26.865)

[node name="CollisionShape3D" type="CollisionShape3D" parent="Level/StaticBox59"]
shape = SubResource("BoxShape3D_4u36u")

[node name="MeshInstance3D" type="MeshInstance3D" parent="Level/StaticBox59"]
mesh = SubResource("BoxMesh_07h14")

[node name="StaticBox60" type="StaticBody3D" parent="Level"]
transform = Transform3D(0.518319, -0.120407, -0.846668, -0.0320921, 0.986603, -0.159954, 0.854585, 0.110079, 0.507511, -77.574, 0.516271, 25.0426)

[node name="CollisionShape3D" type="CollisionShape3D" parent="Level/StaticBox60"]
shape = SubResource("BoxShape3D_4u36u")

[node name="MeshInstance3D" type="MeshInstance3D" parent="Level/StaticBox60"]
mesh = SubResource("BoxMesh_07h14")

[node name="StaticBox64" type="StaticBody3D" parent="Level"]
transform = Transform3D(0.518319, -0.120407, -0.846668, -0.0320921, 0.986603, -0.159954, 0.854585, 0.110079, 0.507511, -73.6497, -1.28581, 29.9986)

[node name="CollisionShape3D" type="CollisionShape3D" parent="Level/StaticBox64"]
shape = SubResource("BoxShape3D_4u36u")

[node name="MeshInstance3D" type="MeshInstance3D" parent="Level/StaticBox64"]
mesh = SubResource("BoxMesh_07h14")

[node name="StaticBox65" type="StaticBody3D" parent="Level"]
transform = Transform3D(0.518319, -0.120407, -0.846668, -0.0320921, 0.986603, -0.159954, 0.854585, 0.110079, 0.507511, -66.0502, -1.28581, 29.9986)

[node name="CollisionShape3D" type="CollisionShape3D" parent="Level/StaticBox65"]
shape = SubResource("BoxShape3D_4u36u")

[node name="MeshInstance3D" type="MeshInstance3D" parent="Level/StaticBox65"]
mesh = SubResource("BoxMesh_07h14")

[node name="StaticBox66" type="StaticBody3D" parent="Level"]
transform = Transform3D(0.518319, -0.120407, -0.846668, -0.0320921, 0.986603, -0.159954, 0.854585, 0.110079, 0.507511, -59.0247, -1.28581, 29.9986)

[node name="CollisionShape3D" type="CollisionShape3D" parent="Level/StaticBox66"]
shape = SubResource("BoxShape3D_4u36u")

[node name="MeshInstance3D" type="MeshInstance3D" parent="Level/StaticBox66"]
mesh = SubResource("BoxMesh_07h14")

[node name="StaticBox67" type="StaticBody3D" parent="Level"]
transform = Transform3D(0.518319, -0.120407, -0.846668, -0.0320921, 0.986603, -0.159954, 0.854585, 0.110079, 0.507511, -52.3379, -1.28581, 29.9986)

[node name="CollisionShape3D" type="CollisionShape3D" parent="Level/StaticBox67"]
shape = SubResource("BoxShape3D_4u36u")

[node name="MeshInstance3D" type="MeshInstance3D" parent="Level/StaticBox67"]
mesh = SubResource("BoxMesh_07h14")

[node name="StaticBox68" type="StaticBody3D" parent="Level"]
transform = Transform3D(0.518319, -0.120407, -0.846668, -0.0320921, 0.986603, -0.159954, 0.854585, 0.110079, 0.507511, -50.8441, -1.40051, 26.4335)

[node name="CollisionShape3D" type="CollisionShape3D" parent="Level/StaticBox68"]
shape = SubResource("BoxShape3D_4u36u")

[node name="MeshInstance3D" type="MeshInstance3D" parent="Level/StaticBox68"]
mesh = SubResource("BoxMesh_07h14")

[node name="StaticBox69" type="StaticBody3D" parent="Level"]
transform = Transform3D(0.518319, -0.120407, -0.846668, -0.0320921, 0.986603, -0.159954, 0.854585, 0.110079, 0.507511, -48.3917, -2.38109, 29.151)

[node name="CollisionShape3D" type="CollisionShape3D" parent="Level/StaticBox69"]
shape = SubResource("BoxShape3D_4u36u")

[node name="MeshInstance3D" type="MeshInstance3D" parent="Level/StaticBox69"]
mesh = SubResource("BoxMesh_07h14")

[node name="StaticBox70" type="StaticBody3D" parent="Level"]
transform = Transform3D(0.518319, -0.120407, -0.846668, -0.0320921, 0.986603, -0.159954, 0.854585, 0.110079, 0.507511, -46.4822, -2.84559, 26.7656)

[node name="CollisionShape3D" type="CollisionShape3D" parent="Level/StaticBox70"]
shape = SubResource("BoxShape3D_4u36u")

[node name="MeshInstance3D" type="MeshInstance3D" parent="Level/StaticBox70"]
mesh = SubResource("BoxMesh_07h14")

[node name="StaticBox71" type="StaticBody3D" parent="Level"]
transform = Transform3D(0.518319, -0.120407, -0.846668, -0.0320921, 0.986603, -0.159954, 0.854585, 0.110079, 0.507511, -46.4822, -2.84559, 29.7784)

[node name="CollisionShape3D" type="CollisionShape3D" parent="Level/StaticBox71"]
shape = SubResource("BoxShape3D_4u36u")

[node name="MeshInstance3D" type="MeshInstance3D" parent="Level/StaticBox71"]
mesh = SubResource("BoxMesh_07h14")

[node name="StaticBox72" type="StaticBody3D" parent="Level"]
transform = Transform3D(0.933462, 0.354654, 0.0535624, -0.352042, 0.934513, -0.0524657, -0.0686613, 0.0301182, 0.997185, -6.09812, 12.9458, 42.7853)

[node name="CollisionShape3D" type="CollisionShape3D" parent="Level/StaticBox72"]
shape = SubResource("BoxShape3D_4u36u")

[node name="MeshInstance3D" type="MeshInstance3D" parent="Level/StaticBox72"]
mesh = SubResource("BoxMesh_07h14")

[node name="StaticBox73" type="StaticBody3D" parent="Level"]
transform = Transform3D(-0.0962491, -0.995175, -0.0190455, 0.0990259, 0.00946587, -0.995039, 0.990419, -0.0976579, 0.0976376, 23.1257, 10.2708, 40.8276)

[node name="CollisionShape3D" type="CollisionShape3D" parent="Level/StaticBox73"]
shape = SubResource("SphereShape3D_1bfm8")

[node name="MeshInstance3D" type="MeshInstance3D" parent="Level/StaticBox73"]
mesh = SubResource("SphereMesh_a85jc")

[node name="StaticBox74" type="StaticBody3D" parent="Level"]
transform = Transform3D(-0.0962491, -0.995175, -0.0190455, 0.0990259, 0.00946587, -0.995039, 0.990419, -0.0976579, 0.0976376, 24.4712, 10.2708, 40.8276)

[node name="CollisionShape3D" type="CollisionShape3D" parent="Level/StaticBox74"]
shape = SubResource("SphereShape3D_1bfm8")

[node name="MeshInstance3D" type="MeshInstance3D" parent="Level/StaticBox74"]
mesh = SubResource("SphereMesh_a85jc")

[node name="StaticBox75" type="StaticBody3D" parent="Level"]
transform = Transform3D(-0.0962491, -0.995175, -0.0190455, 0.0990259, 0.00946587, -0.995039, 0.990419, -0.0976579, 0.0976376, 22.5602, 10.2708, 42.3931)

[node name="CollisionShape3D" type="CollisionShape3D" parent="Level/StaticBox75"]
shape = SubResource("SphereShape3D_1bfm8")

[node name="MeshInstance3D" type="MeshInstance3D" parent="Level/StaticBox75"]
mesh = SubResource("SphereMesh_a85jc")

[node name="StaticBox76" type="StaticBody3D" parent="Level"]
transform = Transform3D(-0.0962491, -0.995175, -0.0190455, 0.0990259, 0.00946587, -0.995039, 0.990419, -0.0976579, 0.0976376, 23.9057, 10.2708, 42.3931)

[node name="CollisionShape3D" type="CollisionShape3D" parent="Level/StaticBox76"]
shape = SubResource("SphereShape3D_1bfm8")

[node name="MeshInstance3D" type="MeshInstance3D" parent="Level/StaticBox76"]
mesh = SubResource("SphereMesh_a85jc")

[node name="StaticBox77" type="StaticBody3D" parent="Level"]
transform = Transform3D(-0.0962491, -0.995175, -0.0190455, 0.0990259, 0.00946587, -0.995039, 0.990419, -0.0976579, 0.0976376, 23.3609, 10.2708, 43.7846)

[node name="CollisionShape3D" type="CollisionShape3D" parent="Level/StaticBox77"]
shape = SubResource("SphereShape3D_1bfm8")

[node name="MeshInstance3D" type="MeshInstance3D" parent="Level/StaticBox77"]
mesh = SubResource("SphereMesh_a85jc")

[node name="StaticBox78" type="StaticBody3D" parent="Level"]
transform = Transform3D(-0.0962491, -0.995175, -0.0190455, 0.0990259, 0.00946587, -0.995039, 0.990419, -0.0976579, 0.0976376, 24.7064, 10.2708, 43.7846)

[node name="CollisionShape3D" type="CollisionShape3D" parent="Level/StaticBox78"]
shape = SubResource("SphereShape3D_1bfm8")

[node name="MeshInstance3D" type="MeshInstance3D" parent="Level/StaticBox78"]
mesh = SubResource("SphereMesh_a85jc")

[node name="StaticBox79" type="StaticBody3D" parent="Level"]
transform = Transform3D(-0.0962491, -0.995175, -0.0190455, 0.0990259, 0.00946587, -0.995039, 0.990419, -0.0976579, 0.0976376, 22.6541, 10.2708, 45.1928)

[node name="CollisionShape3D" type="CollisionShape3D" parent="Level/StaticBox79"]
shape = SubResource("SphereShape3D_1bfm8")

[node name="MeshInstance3D" type="MeshInstance3D" parent="Level/StaticBox79"]
mesh = SubResource("SphereMesh_a85jc")

[node name="StaticBox80" type="StaticBody3D" parent="Level"]
transform = Transform3D(-0.0962491, -0.995175, -0.0190455, 0.0990259, 0.00946587, -0.995039, 0.990419, -0.0976579, 0.0976376, 23.9996, 10.2708, 45.1928)

[node name="CollisionShape3D" type="CollisionShape3D" parent="Level/StaticBox80"]
shape = SubResource("SphereShape3D_1bfm8")

[node name="MeshInstance3D" type="MeshInstance3D" parent="Level/StaticBox80"]
mesh = SubResource("SphereMesh_a85jc")

[node name="StaticBox81" type="StaticBody3D" parent="Level"]
transform = Transform3D(-0.0962491, -0.995175, -0.0190455, 0.0990259, 0.00946587, -0.995039, 0.990419, -0.0976579, 0.0976376, 23.4159, 10.2708, 46.5298)

[node name="CollisionShape3D" type="CollisionShape3D" parent="Level/StaticBox81"]
shape = SubResource("SphereShape3D_1bfm8")

[node name="MeshInstance3D" type="MeshInstance3D" parent="Level/StaticBox81"]
mesh = SubResource("SphereMesh_a85jc")

[node name="StaticBox82" type="StaticBody3D" parent="Level"]
transform = Transform3D(-0.0962491, -0.995175, -0.0190455, 0.0990259, 0.00946587, -0.995039, 0.990419, -0.0976579, 0.0976376, 24.7614, 10.2708, 46.5298)

[node name="CollisionShape3D" type="CollisionShape3D" parent="Level/StaticBox82"]
shape = SubResource("SphereShape3D_1bfm8")

[node name="MeshInstance3D" type="MeshInstance3D" parent="Level/StaticBox82"]
mesh = SubResource("SphereMesh_a85jc")

[node name="StaticBox83" type="StaticBody3D" parent="Level"]
transform = Transform3D(-0.0962491, -0.995175, -0.0190455, 0.0990259, 0.00946587, -0.995039, 0.990419, -0.0976579, 0.0976376, 22.6911, 10.2708, 47.7596)

[node name="CollisionShape3D" type="CollisionShape3D" parent="Level/StaticBox83"]
shape = SubResource("SphereShape3D_1bfm8")

[node name="MeshInstance3D" type="MeshInstance3D" parent="Level/StaticBox83"]
mesh = SubResource("SphereMesh_a85jc")

[node name="StaticBox84" type="StaticBody3D" parent="Level"]
transform = Transform3D(-0.0962491, -0.995175, -0.0190455, 0.0990259, 0.00946587, -0.995039, 0.990419, -0.0976579, 0.0976376, 24.0366, 10.2708, 47.7596)

[node name="CollisionShape3D" type="CollisionShape3D" parent="Level/StaticBox84"]
shape = SubResource("SphereShape3D_1bfm8")

[node name="MeshInstance3D" type="MeshInstance3D" parent="Level/StaticBox84"]
mesh = SubResource("SphereMesh_a85jc")

[node name="StaticBox85" type="StaticBody3D" parent="Level"]
transform = Transform3D(-0.0962491, -0.995175, -0.0190455, 0.0990259, 0.00946587, -0.995039, 0.990419, -0.0976579, 0.0976376, 23.2376, 10.2708, 49.1364)

[node name="CollisionShape3D" type="CollisionShape3D" parent="Level/StaticBox85"]
shape = SubResource("SphereShape3D_1bfm8")

[node name="MeshInstance3D" type="MeshInstance3D" parent="Level/StaticBox85"]
mesh = SubResource("SphereMesh_a85jc")

[node name="StaticBox86" type="StaticBody3D" parent="Level"]
transform = Transform3D(-0.0962491, -0.995175, -0.0190455, 0.0990259, 0.00946587, -0.995039, 0.990419, -0.0976579, 0.0976376, 24.583, 10.2708, 49.1364)

[node name="CollisionShape3D" type="CollisionShape3D" parent="Level/StaticBox86"]
shape = SubResource("SphereShape3D_1bfm8")

[node name="MeshInstance3D" type="MeshInstance3D" parent="Level/StaticBox86"]
mesh = SubResource("SphereMesh_a85jc")

[node name="StaticBox87" type="StaticBody3D" parent="Level"]
transform = Transform3D(-0.0962491, -0.995175, -0.0190455, 0.0990259, 0.00946587, -0.995039, 0.990419, -0.0976579, 0.0976376, 23.284, 8.67905, 51.3412)

[node name="CollisionShape3D" type="CollisionShape3D" parent="Level/StaticBox87"]
transform = Transform3D(1, -7.45058e-09, 7.45058e-09, 0, 1, 0, 0, 0, 1, 0, 0, 0)
shape = SubResource("SphereShape3D_tw25l")

[node name="MeshInstance3D" type="MeshInstance3D" parent="Level/StaticBox87"]
mesh = SubResource("SphereMesh_buhyb")

[node name="StaticBox88" type="StaticBody3D" parent="Level"]
transform = Transform3D(-0.0962491, -0.995175, -0.0190455, 0.0990259, 0.00946587, -0.995039, 0.990419, -0.0976579, 0.0976376, 23.284, 8.67905, 55.6124)

[node name="CollisionShape3D" type="CollisionShape3D" parent="Level/StaticBox88"]
transform = Transform3D(1, -7.45058e-09, 7.45058e-09, 0, 1, 0, 0, 0, 1, 0, 0, 0)
shape = SubResource("SphereShape3D_tw25l")

[node name="MeshInstance3D" type="MeshInstance3D" parent="Level/StaticBox88"]
mesh = SubResource("SphereMesh_buhyb")

[node name="StaticBox89" type="StaticBody3D" parent="Level"]
transform = Transform3D(-0.0962491, -0.995175, -0.0190455, 0.0990259, 0.00946587, -0.995039, 0.990419, -0.0976579, 0.0976376, 23.284, 8.67905, 60.3082)

[node name="CollisionShape3D" type="CollisionShape3D" parent="Level/StaticBox89"]
transform = Transform3D(1, -7.45058e-09, 7.45058e-09, 0, 1, 0, 0, 0, 1, 0, 0, 0)
shape = SubResource("SphereShape3D_tw25l")

[node name="MeshInstance3D" type="MeshInstance3D" parent="Level/StaticBox89"]
mesh = SubResource("SphereMesh_buhyb")

[node name="StaticBox90" type="StaticBody3D" parent="Level"]
transform = Transform3D(-0.0962491, -0.995175, -0.0190455, 0.0990259, 0.00946587, -0.995039, 0.990419, -0.0976579, 0.0976376, 23.284, 8.67905, 64.8951)

[node name="CollisionShape3D" type="CollisionShape3D" parent="Level/StaticBox90"]
transform = Transform3D(1, -7.45058e-09, 7.45058e-09, 0, 1, 0, 0, 0, 1, 0, 0, 0)
shape = SubResource("SphereShape3D_tw25l")

[node name="MeshInstance3D" type="MeshInstance3D" parent="Level/StaticBox90"]
mesh = SubResource("SphereMesh_buhyb")

[node name="StaticBox91" type="StaticBody3D" parent="Level"]
transform = Transform3D(-0.0962491, -0.995175, -0.0190455, 0.0990259, 0.00946587, -0.995039, 0.990419, -0.0976579, 0.0976376, 27.0844, 8.67905, 62.6349)

[node name="CollisionShape3D" type="CollisionShape3D" parent="Level/StaticBox91"]
transform = Transform3D(1, -7.45058e-09, 7.45058e-09, 0, 1, 0, 0, 0, 1, 0, 0, 0)
shape = SubResource("SphereShape3D_tw25l")

[node name="MeshInstance3D" type="MeshInstance3D" parent="Level/StaticBox91"]
mesh = SubResource("SphereMesh_buhyb")

[node name="StaticBox92" type="StaticBody3D" parent="Level"]
transform = Transform3D(-0.0962491, -0.995175, -0.0190455, 0.0990259, 0.00946587, -0.995039, 0.990419, -0.0976579, 0.0976376, 27.0844, 8.67905, 57.9754)

[node name="CollisionShape3D" type="CollisionShape3D" parent="Level/StaticBox92"]
transform = Transform3D(1, -7.45058e-09, 7.45058e-09, 0, 1, 0, 0, 0, 1, 0, 0, 0)
shape = SubResource("SphereShape3D_tw25l")

[node name="MeshInstance3D" type="MeshInstance3D" parent="Level/StaticBox92"]
mesh = SubResource("SphereMesh_buhyb")

[node name="StaticBox93" type="StaticBody3D" parent="Level"]
transform = Transform3D(-0.0962491, -0.995175, -0.0190455, 0.0990259, 0.00946587, -0.995039, 0.990419, -0.0976579, 0.0976376, 27.0844, 8.67905, 52.8624)

[node name="CollisionShape3D" type="CollisionShape3D" parent="Level/StaticBox93"]
transform = Transform3D(1, -7.45058e-09, 7.45058e-09, 0, 1, 0, 0, 0, 1, 0, 0, 0)
shape = SubResource("SphereShape3D_tw25l")

[node name="MeshInstance3D" type="MeshInstance3D" parent="Level/StaticBox93"]
mesh = SubResource("SphereMesh_buhyb")

[node name="StaticBox94" type="StaticBody3D" parent="Level"]
transform = Transform3D(-0.0962491, -0.995175, -0.0190455, 0.0990259, 0.00946587, -0.995039, 0.990419, -0.0976579, 0.0976376, 27.0844, 8.67905, 48.2669)

[node name="CollisionShape3D" type="CollisionShape3D" parent="Level/StaticBox94"]
transform = Transform3D(1, -7.45058e-09, 7.45058e-09, 0, 1, 0, 0, 0, 1, 0, 0, 0)
shape = SubResource("SphereShape3D_tw25l")

[node name="MeshInstance3D" type="MeshInstance3D" parent="Level/StaticBox94"]
mesh = SubResource("SphereMesh_buhyb")

[node name="StaticBox95" type="StaticBody3D" parent="Level"]
transform = Transform3D(-0.0962491, -0.995175, -0.0190455, 0.0990259, 0.00946587, -0.995039, 0.990419, -0.0976579, 0.0976376, 24.4192, 10.4938, 72.0219)

[node name="CollisionShape3D" type="CollisionShape3D" parent="Level/StaticBox95"]
transform = Transform3D(1, -7.45058e-09, 7.45058e-09, 0, 1, 0, 0, 0, 1, 0, 0, 0)
shape = SubResource("SphereShape3D_a7akq")

[node name="MeshInstance3D" type="MeshInstance3D" parent="Level/StaticBox95"]
transform = Transform3D(1, -7.45058e-09, 7.45058e-09, 0, 1, 0, 0, 0, 1, 0, 0, 0)
mesh = SubResource("SphereMesh_82vfv")

[node name="StaticBox96" type="StaticBody3D" parent="Level"]
transform = Transform3D(-0.0962491, -0.995175, -0.0190455, 0.0990259, 0.00946587, -0.995039, 0.990419, -0.0976579, 0.0976376, 24.4192, 10.4938, 83.3328)

[node name="CollisionShape3D" type="CollisionShape3D" parent="Level/StaticBox96"]
transform = Transform3D(1, -7.45058e-09, 7.45058e-09, 0, 1, 0, 0, 0, 1, 0, 0, 0)
shape = SubResource("SphereShape3D_a7akq")

[node name="MeshInstance3D" type="MeshInstance3D" parent="Level/StaticBox96"]
transform = Transform3D(1, -7.45058e-09, 7.45058e-09, 0, 1, 0, 0, 0, 1, 0, 0, 0)
mesh = SubResource("SphereMesh_82vfv")

[node name="StaticBox97" type="StaticBody3D" parent="Level"]
transform = Transform3D(-0.0962491, -0.995175, -0.0190455, 0.0990259, 0.00946587, -0.995039, 0.990419, -0.0976579, 0.0976376, 36.0081, 10.4938, 76.9496)

[node name="CollisionShape3D" type="CollisionShape3D" parent="Level/StaticBox97"]
transform = Transform3D(1, -7.45058e-09, 7.45058e-09, 0, 1, 0, 0, 0, 1, 0, 0, 0)
shape = SubResource("SphereShape3D_a7akq")

[node name="MeshInstance3D" type="MeshInstance3D" parent="Level/StaticBox97"]
transform = Transform3D(1, -7.45058e-09, 7.45058e-09, 0, 1, 0, 0, 0, 1, 0, 0, 0)
mesh = SubResource("SphereMesh_82vfv")

[node name="StaticBox61" type="StaticBody3D" parent="Level"]
